1523.45
1525.11
1518.67
1520.34
1516.78
1519.89
1522.03
1517.56
1515.44
1518.62
1521.77
1519.20
1523.01
1516.09
1518.88
1520.41
1517.73
1519.55
1522.68
1516.92
1518.27
1519.80
1521.34
1516.45
1517.92
1520.16
1522.31
1518.04
1519.66
1521.88
1523.22
1517.49
1515.78
1518.91
1520.77
1519.38
1521.60
1523.05
1516.64
1519.02
1520.83
1517.91
1516.38
1519.14
1522.44
1518.86
1517.29
1520.05
1521.92
1516.03
1518.17
1519.71
1521.56
1517.40
1519.12
1522.21
1515.93
1517.77
1520.10
1523.38
1518.30
1516.87
1519.48
1520.66
1522.79
1517.18
1515.62
1518.73
1521.27
1519.97
1516.21
1518.39
1520.90
1517.65
1521.42
1519.23
1522.14
1515.50
1517.02
1519.34
1520.12
1518.59
1521.75
1516.71
1523.30
1519.83
1517.06
1520.47
1518.16
1522.57
1516.29
1519.09
1521.11
1517.84
1515.34
1520.72
1518.43
1522.93
1516.48
1519.66
1521.99
1518.01
1516.96
1520.23
1517.11
1522.36
1519.52
1515.19
1520.99
1517.38
1518.60
1523.09
1516.17
1519.30
1521.19
1518.21
1522.67
1517.25
1515.83
1520.55
1519.75
1516.54
1521.89
1518.47
1523.49
1517.70
1519.43
1520.36
1516.82
1522.10
1518.68
1515.06
1521.03
1519.01
1520.25
1517.53
1523.17
1516.36
1519.97
1522.83
1518.13
1517.59
1520.63
1516.11
1521.46
1519.17
1515.28
1520.86
1517.36
