2.046434
2.437587
3.013410
5.095220
0.978738
2.054450
1.410598
1.761144
1.882183
4.268518
0.726132
3.146709
2.752255
1.394144
3.984421
5.578088
2.999101
6.287289
4.352895
1.230930
0.984123
2.335671
3.745213
1.873421
5.842137
2.417982
1.659827
2.982134
4.761983
3.312489
2.715691
1.891238
3.902345
4.012983
2.098712
1.709384
3.145789
4.786421
2.346782
1.982347
3.768129
0.876543
2.589673
3.214765
1.435976
2.987214
4.123789
3.958712
2.467891
1.245678
2.753190
3.682901
4.891276
2.129384
1.987654
3.567890
4.290876
2.345678
1.456789
3.678901
4.987654
2.346901
1.234567
3.456789
4.678901
2.987123
1.789012
3.901234
4.123456
2.456789
1.345678
3.234567
4.876543
2.678901
1.567890
3.678912
4.234567
2.789012
1.678901
3.456123
4.567890
2.345901
1.234890
3.678234
4.123987
2.987345
1.456123
3.789012
4.234876
2.345678
1.567234
3.456789
4.678123
2.789345
1.345901
3.987234
4.123456
2.456123
1.234567
3.678901
