installment
829.1
228.22
366.86
162.34
102.92
125.13
194.02
131.22
87.19
84.12
360.43
253.58
316.11
92.82
209.54
327.53
77.69
476.58
584.12
173.65
188.02
474.42
339.6
484.85
320.19
159.03
155.38
255.43
155.38
155.38
156.84
275.38
155.38
78.42
158.3
155.38
155.38
164.23
161.25
159.77
156.84
155.38
94.98
97.2
164.23
167.02
168.6
160.72
159.03
178.69
155.38
323.98
813.65
112.87
94.88
398.69
39.6
678.08
401.37
205.45
397.75
155.38
113.39
99.44
109.79
32.55
112.87
160.51
340.57
156.11
155.38
235.25
257.99
225.37
80.26
84
507.46
124.31
63.32
130.79
93.67
93.67
88.65
128.41
94.98
179.8
444.05
124.89
644.3
642.02
104.76
157.66
383.87
217.6
297.99
156.11
329.95
313.67
297.99
239.65
61.87
94.47
73.68
313.67
543.2
313.67
266.37
210.6
234.15
323.99
235.96
352.22
117.31
64.96
699.69
195.27
295.59
217.59
263.09
248.43
194.4
301.04
163.92
150.66
217.59
85.23
328.43
165.47
140.6
98.01
166.48
284.32
194.15
138.51
70.25
252.1
263.19
104.65
172.53
38.7
100.35
335.98
163.49
32.25
96.75
72.42
90.68
259.58
169.32
205.4
162.01
226.8
162.73
158.38
795.11
158.83
97.2
263.97
404.62
307.53
839.95
269.31
265.18
802.47
505.16
318.05
315.12
130.79
227.82
643.36
51.78
572.48
149.87
96.75
92.8
192.09
593.92
392.36
156.11
155.52
485.99
116.64
223.34
149.87
211.17
186.45
790.86
795.11
126.65
294.27
404.62
397.77
178.68
29.16
417.62
130.18
98.53
15.69
523.14
557.23
315.3
527.93
93.23
202.94
165.74
158.76
485.99
322.49
189.97
376.24
599.33
132.35
828.69
604.88
538.23
172.55
604.88
290.24
530.36
158.31
390.54
301.04
659.91
217.52
388.79
158.31
319.64
103.68
154.08
650.9
81.74
238.54
335.98
93.23
95.87
95.94
554.37
859.07
472.68
586.9
224.69
483.81
399.55
232.04
802.47
304.9
836.23
124.89
113.4
842.47
817.41
421.65
575.17
405.03
167.99
677.22
131.99
281.2
802.47
505.16
180.23
798.84
319.54
32.1
192.6
764.64
30.94
381.66
301.04
687.25
320.99
862.97
250.95
87.01
62.45
851.41
244.09
687.25
656.86
537.57
320.99
386.99
315.12
292.91
125.48
383.45
523.78
199.78
575.17
95.42
477.07
345.06
155.19
644.97
92.8
306.36
143.53
288.89
87.88
381.66
197.06
83.92
481.48
253.16
77.69
97
259.87
124.3
67.68
406.07
241.41
170.72
293.85
318.09
63.79
217.52
667.74
133.55
421.14
339.94
365.51
313.69
876.83
316.99
701.12
485
133.55
362.39
108.27
240.39
62.15
66.18
327.82
69.14
313.3
329.34
292.97
315.12
225.86
63.03
536.57
126.29
192.23
97
318.93
228.45
72.78
16.47
124.89
262.26
236.34
265.87
101.47
218.55
38.8
247
673.79
79.96
498.51
692.14
800.95
289.69
264.71
117.38
293.72
563.4
318.93
230.68
730.04
312.22
250.95
514.49
16.25
372.22
320.38
504.13
413.51
485
307.66
130.54
370.59
539.03
312.22
70.17
440.57
175.42
194.91
165.41
406.07
82.71
189.08
57.23
338.39
498.51
737.78
306.18
592.7
611.1
461.35
841.76
244.76
452.67
649.68
226.89
498.51
880.78
658.67
231.57
258.67
157.36
300.48
658.67
129.34
170.72
101.52
365.51
337.19
382.72
403.36
305.97
676.78
767.89
491.73
496.22
228.45
819.54
261.08
81.59
278.22
312.22
59.28
376.43
804.69
812.09
130.54
329.34
99.25
381.58
310.03
78.78
608.72
386.25
669.76
478.4
567.22
346.07
685.99
255.15
498.51
124.89
217.52
241.41
406.07
467.45
386.25
257.5
62.74
223.26
320.38
318.93
527.52
327.83
640.76
196.84
42.23
136
182.77
194.91
94.46
450.67
387.32
47.45
201.5
405.72
336.98
333.7
655
101.21
533.77
16.31
807.62
347.5
194.71
188.02
237.95
148.61
189.77
84
192.93
431.6
339.06
225.09
243.38
24.84
90.88
589.2
96.03
48.91
200.12
199.61
310.24
80.39
160.57
343
272.09
307.67
200.17
260.82
94.01
46.63
189.77
627.02
330.53
584.12
199.2
187.14
193.83
807.62
644.71
195.61
163.77
856.63
327.53
313.37
128.62
167.54
501.73
544.17
188.02
90.07
93.14
348.87
155.95
347.27
493.5
80.39
507.36
608.58
646.1
25.02
195.61
507.15
548.25
142.33
495.79
327.53
98.26
587.82
131.97
330.53
254.65
236.88
313.37
826.31
156.69
318.72
171.18
373.21
820.91
815.04
358.62
213.72
99.6
409.73
341.15
535.02
160.78
129.22
335.07
294.78
233.65
504.84
486.76
398.4
671.44
670.13
521.63
803.87
98.26
135.61
676.2
321.55
652.04
771.72
316.28
516.32
292.06
330.53
339.6
93.57
192.93
320.1
394.8
329
311.16
94.01
341.15
192.06
182.61
710.18
508.59
456.94
313.37
28.47
330.53
32.31
481.4
263.2
163.01
675.25
482.32
493.5
180.07
162.26
316.28
375.26
482.32
663.47
173.65
221.4
360.29
330.53
321.55
420.47
224.07
548.25
329
490.29
225.63
257.24
95.36
274.13
156.69
351.92
194.71
258.44
879.92
150.45
640.2
168.28
581.49
640.2
694.59
807.74
514.48
411.19
389.41
264.39
482.32
645.24
293.51
316.28
361.9
281.84
684.64
338.1
278.88
486.76
298.8
330.53
234.55
241.16
224.07
396.63
507.15
288.66
409.3
222.97
365.2
603.12
852.87
320.1
807.62
326.02
336.56
396.63
301.56
491.3
416.19
636.39
406.91
62.1
201.04
491.3
327.53
327.53
179.31
667.06
720.57
405.72
313.37
409.73
157.22
633.71
782.44
589.56
353.71
206.35
251.88
301.56
464.05
230.47
895.56
670.13
269.25
377.79
30.55
389.41
405.72
477.61
329
377.82
338.1
407.52
273.86
807.62
398.4
320.1
316.28
387.66
162.26
493.5
640.38
180.94
296.1
115.69
230.3
405.72
305.47
93.14
109.68
37.61
129.22
290.75
203.76
160.05
407.52
320.1
129.81
366.89
658
480.15
803.87
272.59
249
400.24
253.03
129.81
448.14
118.44
811.27
407.52
250.7
444.6
489.03
373.56
195.61
314
109.17
516.32
241.16
221.4
294.78
680.69
228.22
87.75
324.51
97.53
208.65
691.55
323.05
236.14
213.83
537.15
194.71
235.03
707.41
128.04
670.13
697.2
480.15
98.7
525.17
187.14
314
324.51
257.24
314.85
235.83
803.87
526.4
292.06
540.96
100.06
848.99
298.8
482.32
168.28
807.62
811.27
253.58
118.34
584.12
52.41
151.03
188.91
167.21
251.88
161.53
807.74
837.67
269.25
578.79
93.57
166
329
201.44
646.1
385.86
232.64
330.53
201.94
603.13
389.41
250.7
691.55
37.79
194.71
321.55
640.2
187.14
202.86
142.33
338.1
528.84
266.83
155.95
845.25
230.3
263.2
391.22
314.85
462.74
100.97
550.74
446.29
500.3
50.03
176.86
96.47
370.19
206.83
296.1
818.83
318.34
125.94
450.17
23.35
178.49
116.2
247.9
269.25
262.03
141.66
568.81
223.15
243.38
224.14
235.83
428.32
659.61
192.62
155.95
213.85
482.32
587.14
202.42
160.78
265.41
339.06
274.72
198.32
183.42
640.24
132.84
260.62
109.56
240.46
339.6
306.9
388.91
513.98
389.41
22.51
315.78
430.27
16.08
175.01
268.5
188.02
204.19
324.51
287.79
155.37
144.7
402.08
324.51
234.74
292.16
166
492.76
31.19
117.37
166
318.72
151.13
198.32
239.04
170.22
313.37
83.68
96.47
149.4
165.27
135.29
249.68
203.76
108.09
129.22
163.01
128.3
184.97
323.05
134.03
93.39
161.53
220.39
161.53
229.28
199.36
78.61
220.43
350.39
147.39
387.17
286.9
243.38
219.36
259.61
506.05
97.81
307.93
170.58
178.48
272.09
99.81
252.42
168.28
296.1
206.76
310.13
128.42
147.39
327.5
131.6
289.14
213.46
185.1
245.65
160.78
188.02
163.01
118.44
118.55
98.26
207.69
128.04
62.1
154.82
122.3
342.66
210.56
237.21
136.95
177.68
101.64
189.77
219.36
156.69
175.49
293.42
138.92
70.55
70.51
76.36
134.6
163.01
31.05
171.22
180.95
163.77
166.77
112.82
163.68
193.83
122.76
231.37
160.05
179.93
62.38
116.56
132.24
164.08
195.21
153.98
235.03
188.91
153.55
255.86
254.7
173.17
209.32
253.58
188.99
167.09
212.9
164.5
118.45
98.84
183.42
57.85
231.03
128.04
242.29
219.36
110.2
254.7
162.26
246.75
153.33
231.37
109.17
156.64
166.23
131.6
36.48
149.55
162.39
251.3
134.67
163.43
151.13
129.22
335.67
50.61
194.71
168.28
251.3
128.62
169.05
138.82
258.16
133.42
252.42
82.64
99.35
168.44
219.12
219.36
244.52
251.3
306.68
93.14
213.85
242.29
132.21
96.47
236.14
96.03
235.03
233.67
32.01
176.86
243.38
235.03
128.62
226.14
80.77
93.57
206.83
250.15
158.14
192.06
78.25
245.65
64.21
249
253.58
174.44
245.65
245.65
204.65
51.69
154.35
167.99
243.38
253.58
132.84
246.75
161.53
114.11
166.77
163.77
39.48
113.35
213.85
126.52
189.77
155.95
149.03
401.6
233.65
241.16
246.75
163.74
142.33
201.94
249
128.04
243.38
180.15
196.52
243.38
166.77
210.13
244.52
161.53
249
368.17
184.06
70.05
175.49
192.35
52.89
251.3
125.94
31.05
247.9
235.03
250.15
245.65
64.31
236.14
191.27
66.4
100.06
201.04
220.39
230.3
134.03
236.14
252.2
50.03
504.5
183.45
240.08
232.63
241.16
237.21
48.68
253.58
163.77
232.6
96.03
96.92
253.58
157.43
135.52
64.91
175.18
147.39
245.65
192.93
221.75
176.7
94.01
219.36
236.14
154.39
246.75
193.64
243.97
159.23
249.9
49.98
71
185.76
219.36
99.96
246.54
164.36
133.9
32.88
215.62
219.36
224.53
255.61
247.65
168.14
261.76
205.59
48.19
241.16
182.39
237.21
407.17
96.38
72.08
83.3
248.99
196.32
92.06
66.35
504.4
376.52
37.61
328.95
325.85
195.61
297.58
472.81
251.64
181.57
216.17
33.89
148.28
177.22
176.69
138.54
94.46
246.57
66.95
39.45
110.24
162.25
221.08
187.14
109.01
197.23
187.45
134.42
116.1
75.26
38.56
175.06
260.25
188.21
212.79
236.57
173.5
165.18
236.68
57.83
216.23
78.72
238.13
165.86
226.96
65.75
138.18
73.14
121.89
206.37
107.61
168.88
135.39
50.38
87.91
169.18
167.76
264.91
44.18
201.52
76.31
259.08
180.76
105.97
185.69
216.45
193.26
50.44
113.71
110.43
185.69
109.43
145.78
174.74
79.97
47.23
165.77
135.41
116.1
110.43
159.82
263.66
194.82
69.39
243.97
96.69
218.6
180.76
141.68
174.74
139.71
167.65
158.5
135.39
31.05
226.78
566.36
184.89
138.68
236.86
64.85
110.7
147.24
157.33
94.51
191.73
237.21
110.2
156.14
159.73
172.58
81.8
80.9
254.48
200.52
184.95
247.65
65.5
32.88
92.48
219.14
156.69
124.76
242.04
129.69
245.4
102.71
59.57
136.54
98.88
156.31
146.97
99.33
243.81
163.3
172.07
243.81
245.69
238.75
242.71
210.1
244.94
191
47.23
97.09
251.7
156.65
338.68
229.2
411.97
244.62
252.85
335.76
380.76
182.06
297.7
383.73
865.78
299.32
359.74
197.75
124.77
861.99
172.68
248.32
598.64
536.11
236.43
178.8
159.17
32.1
820.13
384.34
256.96
264.88
260.06
165.55
216.38
31.19
517.87
215.55
334.11
233.88
109.17
816.43
161.81
489.88
215.22
200.47
202.28
313.37
81.65
203.21
489.86
177.99
595.97
275.07
501.16
325.08
329.57
197.75
329.57
330.08
517.2
191.87
698.91
162.54
391.9
328.06
485.42
505.7
134.86
674.27
329.57
496.64
336.03
346.32
653.17
260.61
206.3
318.33
243.81
161.81
110.56
58.26
492.08
748.39
747.67
529.75
400.93
519.47
126.78
125.35
246.57
261.27
346.32
725.31
485.42
207.85
331.1
302.04
260.06
165.79
268.48
95.5
103.56
410.08
79.1
331.1
559.63
49.44
869.7
262.45
217.72
344.71
440.89
620.51
326.57
503.39
307.56
411.89
515.74
222.83
274.59
411.67
823.93
269.71
185.43
313.37
308.63
34.33
185.43
556.61
293.93
232.81
335.6
98.42
340.18
184.56
195.05
49.67
273.55
174.73
78.38
267.29
293.65
854.32
156.69
275.57
329.57
340.88
267.29
150.42
60.14
255.88
512.6
467.99
136.08
187.14
685.83
244.62
318.33
196.84
52.26
524.89
231.77
508.84
244.94
78.38
167.06
170.09
475.68
134.24
242.42
93.57
711.22
662.19
240.05
425.3
222.13
682.74
458.46
249.43
338.68
142.59
93.57
318.33
198.66
260.06
410.08
314.51
278.85
101.61
152.8
430.92
399.09
303.45
748.39
614.76
496.55
48.77
59.33
876.36
161.81
164.79
77.67
332.58
197.75
494.36
217.72
211.54
201.36
346.32
173.11
458.39
351.75
491.37
177.97
674.27
340.18
199.55
93.14
846.7
83.12
381.48
212.28
273.39
121.95
419.35
382.78
170.38
374.76
146.97
330.09
391.9
432.35
93.57
526.47
194.17
175.88
334.11
323.62
82.02
668.21
535.92
191.87
39.19
49.67
165.55
656.11
390.09
832.88
204.11
347.88
270.83
167.8
668.21
156.69
328.06
99.33
323.43
399.09
155.95
230.24
674.27
483.35
399.09
159.89
359.18
677.36
202.28
536.05
431.69
78.35
293.47
160.38
297.99
167.8
305.6
526.47
159.82
117.03
588.13
204.66
102.06
490.03
399.72
594.39
107.89
529.75
322.11
45.73
681.43
293.93
197.18
233.01
411.89
326.59
536.95
323.62
229.06
332.58
399.09
687.13
222.83
662.19
447.68
165.55
677.36
388.34
230.7
869.7
571.64
207.85
255.82
199.89
399.09
225.62
66.94
423.28
897.06
282.69
170.09
458.85
383.73
319.47
94.4
668.21
827.74
551.28
236
202.69
41.39
130.03
207.85
590.65
62.68
59.7
515.74
718.81
234.27
273.19
520.37
594.36
399.78
77.98
306.98
377.95
171.15
89.46
49.75
266.52
319.47
305.38
192.57
402.53
69.97
127.79
134.48
248.73
226.97
340.76
709.18
184.88
247.61
34.39
294.43
235.61
84.24
420.02
160.48
215.42
334.67
100.4
102.71
268.95
805.67
168.24
712.54
416.3
185.74
288.85
169.91
693.83
446.98
79.96
45.81
62.68
350.02
200.47
240.68
645.47
513.44
350.34
67.24
32.1
313.37
159.74
333.15
232.15
316.42
280.02
277.53
836.66
266.52
159.92
328.64
264.11
345.37
253.28
342.29
326.99
396.17
319.47
239.91
327.37
101.32
49.98
235.54
97.98
339.23
328.64
328.64
840.45
345.37
320.95
328.64
280.62
261.71
550.13
40.9
135.7
255.58
194.7
368.13
487.46
481.42
306.69
260.66
55.51
394.36
37.63
165.82
495.21
254.42
337.71
94.99
416.72
262.43
136.31
511.14
175.71
159.74
127.79
396.17
160.48
131.46
378.23
435.07
83.67
37.61
85.19
49.75
255.58
383.37
506.56
192.57
464.3
433.1
167.34
470.66
499.73
223.63
229.34
50.2
49.89
266.52
154.06
319.47
427.23
164.02
345.37
37.61
219.36
95.85
171.15
506.56
351.42
285.76
626.32
470.66
165.82
62.68
504.27
39.62
282.63
407.08
164.3
522.7
366.47
464.3
462.19
481.42
319.47
261.71
228.76
409.16
138.77
495.21
529.71
315.49
164.91
435.54
499.73
66.03
486.11
293.91
148.56
513.44
403.42
77.98
288.85
265.32
187.42
407.51
328.64
384.87
261.71
240.96
508.84
260.19
130.86
237.78
284.47
414.08
44.73
320.95
405.25
495.21
492.95
268.95
155.96
514.27
260.19
208.62
99.5
95.85
312.23
506.56
82.54
192.57
96.29
320.95
127.18
264.11
187.15
162.83
273.84
502
296.82
159.74
518.06
515.74
397.97
170.38
58.76
339.23
405.25
520.37
343.83
328.64
138.66
288.85
499.73
255.58
346.92
506.56
169.14
281.12
100.28
342.29
190.83
397.97
319.47
245.36
155.42
481.42
511.14
53.31
490.71
515.74
410.75
34.54
333.15
119.94
134.18
176.52
82.54
299.84
320.95
276.92
204.46
152.97
330.14
255.57
328.64
169.62
224.66
508.84
441
206.3
136.31
54.53
383.37
502
522.7
497.46
202.63
490.71
222.49
180.19
171.15
481.42
319.47
199.89
466.41
345.07
82.52
495.21
115.95
495.21
276.06
191.67
176.57
166.5
520.37
272.61
481.42
497.46
497.46
481.42
495.21
487.84
191.69
319.47
405.25
529.71
342.29
127.79
508.84
169.62
234.27
261.35
163.57
301.2
257.87
168.09
495.21
62.39
192.57
246.45
290.95
497.46
320.95
231.08
188.02
79.96
227.51
207.23
81.42
138.77
354.7
263.68
506.56
408.91
497.46
154.73
271.39
206.82
267.74
155.96
504.27
195.87
134.18
327.14
330.08
495.21
295.77
525.03
481.42
242.05
281.26
515.74
273.84
490.71
310.64
198.09
508.84
534.41
515.74
368.13
288.85
508.84
146.36
170.38
319.47
203.54
342.29
163.57
522.7
206.04
492.95
500.98
100.4
513.44
346.92
343.83
340.76
56.41
231.08
401.6
219.36
301.2
596.96
644.53
192.57
497.46
348.47
602.4
497.46
354.59
155.96
205.38
125.35
99.95
168.86
405.25
39.8
687.66
210.95
141.02
472.79
371.34
665.03
417.23
334.67
333.15
154.03
565.02
203.54
285.02
100.86
477.06
302.57
550.13
328.1
706.5
49.75
359.81
836.66
385.14
133.26
185.74
248.67
577.7
508.84
171.01
481.36
169.62
236.4
403.42
267.73
278.77
477.06
525.03
111.77
340.76
511.14
705.98
481.42
431.14
286.24
223.63
678.49
77.03
690.74
319.47
228.61
277.53
840.45
192.57
351.58
160.33
112.81
303.94
125.35
90.38
168.09
525.03
320.95
497.46
420.02
382.34
108.66
115.54
340.76
135.7
381.52
515.74
515.74
481.42
69.7
511.14
200.8
183.19
219.07
525.03
150.6
527.36
160.48
520.37
151.29
279.36
174.24
192.57
219.36
313.37
206.3
205.38
320.95
178.14
407.08
385.14
487.42
192.57
51.12
342.29
506.27
134.54
481.42
70.61
504.27
251.88
182.34
336.18
163.57
188.02
188.02
215.57
151.97
319.47
187.15
438.13
172.35
132.66
82.91
497.46
499.56
169.62
182.41
212.22
518.06
320.95
515.74
99.95
176.65
165.82
107.52
204.89
397.97
108.3
532.05
395.2
508.84
249.87
118.2
260.19
381.65
381.64
331.64
459.08
408.91
345.37
520.37
502
268.95
441
217.11
231.08
471.65
215.57
165.82
481.42
282.03
99.5
313.37
138.77
231.08
284.47
258.68
294.88
175.79
67.55
339.23
666.3
294.88
312.23
186.58
522.7
303.5
399.78
31.95
481.36
176.54
70.61
187.15
187.15
383.13
588.32
171.92
712.54
369.8
225.01
481.42
231.08
111.82
431.31
342.29
504.27
333.15
565.02
189.96
150.85
252.14
532.05
340.76
399.78
192.57
375.47
167.34
675.41
275.07
60.54
191.69
155.96
170.38
282.03
672.36
50.43
80.32
232.15
169.62
308.7
182.23
199.89
236.4
192.57
192.57
181.85
336.18
247.13
195.94
569.9
336.18
136.31
269.84
249.78
223.63
684.58
245.35
385.14
256.76
159.74
159.74
85.87
462.16
176.57
871.16
280.02
238.96
675.41
167.34
417.25
61.62
405.25
545.21
31.2
379.91
100.4
106.61
669.33
55.89
690.74
137.54
427.53
333.15
340.76
191.69
693.83
290.07
481.36
262.21
401.6
268.95
399.78
200.8
102.23
466.41
515.74
408.91
374.84
141.26
399.78
271.39
219.36
590.26
168.43
174.24
278.74
855.73
41.08
197.82
385.14
168.5
117.15
101.32
537.89
766.73
408.91
222.03
527.36
159.74
168.09
638.46
171.92
116.61
96.29
31.95
405.25
102.69
266.52
530.63
693.83
110.73
504.27
288.85
515.74
134.48
357.81
99.5
277.53
340.76
261.35
302.57
208.62
533.04
174.03
170.38
69.86
254.42
638.46
198.59
50.43
206.3
410.75
420.02
46.86
302.57
506.56
95.85
700.04
342.29
535.46
191.69
227.29
100.86
312.08
672.36
47.01
202.63
270.17
114.82
370.8
237.46
245.35
100.28
342.29
69.39
385.14
270.17
188.02
89.8
318.54
207.23
339.23
200.56
172.69
472.79
584.92
127.79
159.92
302.57
241.76
331.64
678.46
223.63
222
232.15
70.29
201.71
268.36
550.13
449.32
203.69
340.76
690.74
468.54
168.86
207.23
618.89
638.75
124.77
401.6
644.12
156.12
270.17
408.91
678.46
199.89
515.74
77.62
565.02
155.3
308.06
268.95
407.08
681.51
305.31
111.82
385.02
320.95
188.02
414.45
301.2
171.55
174.24
320.95
203.54
429.41
51.81
31.34
272.61
112.29
184.07
847.53
508.84
488.49
64.72
172.35
201.71
520.37
297.7
342.29
261.71
331.56
48.79
189.96
529.05
295.13
222.49
398.6
62.1
224.66
94.01
256.76
203.69
39.98
320.95
191.69
232.37
181.54
315.2
216.13
191.69
272.61
533.04
356.25
309.57
632.84
340.76
123.06
167.32
116.08
381.61
521.57
692.29
272.61
276.3
401.6
331.64
534.41
545.61
373.15
125.35
160.48
266.36
168.86
312.38
263.89
31.2
421.89
351.42
342.29
333.15
335.63
337.71
119.94
167.27
224.58
441.84
339.23
605.13
331.64
81.05
574.1
340.76
135.7
322.88
313.37
385.14
334.67
836.66
193.4
669.33
405.25
435.07
255.57
192.57
350.02
780.34
412.6
188.02
405.62
401.6
165.82
147.67
86.35
504.27
185.35
221.5
276.3
292.26
87.02
167.73
224.66
374.6
168.86
290.95
171.15
718.84
198.99
532.05
166.58
298.48
143.77
207.66
504.27
399.78
63.9
684.58
499.73
240.15
248.74
281.26
527.36
567.52
693.83
552.59
836.66
498.55
287.05
248.37
188.02
447.78
160.48
348.23
51.81
159.74
530.63
274.45
49.91
372.55
417.23
379.92
319.47
251
331.64
113.76
407.08
235.33
405.25
313.37
286.24
481.42
160.48
529.71
158.25
280.02
311.91
666.3
527.13
233.22
416.3
525.03
232.76
669.33
599.67
117.14
362.19
101.77
120.88
100.28
470.05
806.83
386.82
245.02
320.95
247.2
172.35
168.86
245.02
844.26
632.99
290.07
198.99
404.31
537.89
237.46
258.2
263.23
172.35
168.09
346.92
337.71
374.29
215.04
125.35
407.08
385.14
331.95
342.29
407.08
320.95
477.01
499.73
84.05
339.23
504.27
320.95
687.66
156.69
666.3
104.54
276.3
313.08
159.74
672.36
894.61
687.66
399.78
410.75
474.97
391.87
224.66
690.74
91.27
356.27
340.76
399.6
67.85
513.51
242.05
301.2
207.87
542.77
190.81
191.69
191.69
167.34
666.3
260.19
51.58
294.88
187.42
312.21
303.94
244.25
156.12
329.46
284.95
814.15
511.14
55.02
333.15
413.69
528.22
238.53
676.02
169.62
506.56
319.47
63.9
171.92
164.3
255.58
663.28
681.51
124.77
836.66
170.38
313.37
420.02
385.14
436.17
194.95
353.14
170.12
527.36
238.79
198.99
336.18
172.69
199.89
210.01
432.26
560.56
170.38
141.26
414.45
405.25
324.2
684.73
442.08
222.49
313.2
414.55
139.39
533.43
654.28
385.02
706.59
150.42
336.18
690.74
401.6
379.94
433.28
165.32
50.66
192.55
333.15
150.3
410.75
138.77
328.14
263.57
481.36
560.56
687.06
266.52
156.69
543.3
149.92
255.58
675.68
209.08
159.74
375.37
407.08
290.43
68.16
55.02
144.43
524.34
519.21
140.63
596.96
174.24
867.29
313.62
234.27
457.05
287.53
138.15
320.95
351.58
699.73
354.7
51.58
216.13
306.68
313.37
449.32
307.31
684.58
86.56
123.23
504.27
143.97
123.23
67.55
334.53
320.95
249.53
255.58
223.89
313.37
280.97
95.83
425.64
282.03
48.15
117.14
198.99
201.71
226.93
104.08
676.02
127.18
215.16
439.66
672.36
133.87
602.4
111.77
188.02
281.9
50.58
168.09
333.15
272.61
51.58
481.42
141
504.27
304.9
124.77
110.03
421.89
497.46
31.34
175.49
399.78
326.49
246.45
212.25
188.02
116.61
345.37
155.96
273.19
109.24
252.14
41.45
85.19
319.47
287.05
202.63
33.62
95.85
187.15
250.69
181.54
305.31
255.58
499.73
285.66
156.69
192.51
198.53
666.3
605.13
902.54
77.98
346.62
268.53
506.39
263.19
192.57
238.53
325.86
313.37
139.39
464.3
215.34
202.63
115.86
115.54
233.21
200.8
111.77
238.16
481.42
790.73
266.52
397.97
340.76
448.98
367.52
506.56
513.44
228.61
415.31
250.69
533.04
256.76
515
76.68
508.84
102.71
338.43
343.83
378.23
469.33
324.2
163.57
334.67
149.24
449.32
112.51
156.69
165.82
95.85
621.67
136.92
346.48
58.04
247.59
503.19
165.38
464.3
254.42
409.62
256.76
87.51
521.56
271.39
106.01
324.2
481.42
67.3
223.63
317.44
594.25
55.26
224.66
67.24
405.25
383.37
678.46
95.85
167.34
239.61
417.23
327.14
878.94
579.29
158.21
172.35
32.1
616.12
96.29
170.38
198.99
629.81
101.85
348.47
324.2
99.81
792.33
282.03
807.2
185.3
690.13
472.59
109.17
359.77
136.31
46.79
99.95
140.66
385.14
684.58
224.66
133.87
359.81
319.68
283.18
93.71
109.17
492.95
825.34
279.34
96.29
268.95
281.26
95.85
792.33
192.57
65.73
290.52
297.13
96.29
223.63
237.46
80.24
871.16
337.71
425.28
32.87
163.57
364.2
99.05
184.07
283.18
797.8
681.51
166.58
49.08
492.95
299.84
333.15
334.67
305.31
313.37
121.58
429.18
385.14
188.02
259.37
233.21
607.98
219.36
327.14
697.65
160.48
165.82
435.07
38.52
235.33
414.55
167.34
265.13
106.61
481.42
396.17
266.52
460.09
332.25
104.31
410.8
334.67
281.12
296.2
295.77
261.71
106.61
605.13
229.64
99.5
666.3
336.18
591.54
855.73
53.79
209.17
156.69
402.58
501.79
408.79
288.35
373.13
490.71
262.91
149.92
825.34
484.1
325.66
112.29
199.89
613.36
217.77
528.22
256.76
50.66
268.95
96.29
174.03
99.95
396.17
690.74
636.75
131.46
397.97
96.29
183.24
91.6
505.76
476.52
84.38
692.95
89.46
34.48
184.07
306.77
171.92
69.39
96.29
155.96
367.97
101.77
255.5
378.07
82.54
654.25
125.35
170.38
495.21
716.35
319.47
118.85
385.14
396.17
184.88
306.68
407.51
506.56
212.1
313.37
112.29
98.15
191.69
328.64
223.63
204.46
297.13
576.69
206.82
254.37
105.17
159.57
308.06
159.74
234.27
147.22
506.56
506.18
684.58
821.59
198.99
184.88
663.28
315.49
306.68
327.14
199.89
558.68
221.77
487.46
530.63
315.06
563.79
96.29
591.54
151.75
156.69
108.07
385.14
117.14
237.7
189.96
330.14
143.77
351.58
188.02
319.47
133.26
444.98
394.36
132.06
346.08
596.96
155.96
495.21
287.53
327.14
449.32
165.07
201.71
187.15
465.37
403.42
465.2
102.23
542.77
204.46
666.3
315.49
672.36
188.27
396.17
159.74
160.64
376.21
250.69
128.38
607.87
236.4
222.41
348.47
66.33
82.52
75.21
31.34
506.56
224.9
89.46
151.97
135.09
198.99
759.31
497.46
508.84
189.01
205.38
726.3
533.78
198.99
492.95
408.91
59.16
558.84
431.14
189.36
508.84
502
268.95
225.62
163.57
337.71
100.4
686.12
328.64
101.77
502
159.74
388.53
700.04
396.17
94.01
399.78
160.48
127.79
327.14
320.95
102.71
115.55
334.67
130.86
319.47
327.14
84.43
191.69
678.46
165.75
198.99
401.18
533.04
319.38
281.9
49.75
319.47
59.43
666.3
502
377.93
836.66
60.71
492.95
308.11
82.15
247.56
357.97
340.76
40.57
528.22
212.64
118.2
319.47
336.18
588.85
84.81
660.27
182.41
478.21
115.54
98.42
207.23
317.11
257.69
471.08
374.8
417.23
278.58
191.69
83.67
69.97
190.83
215.57
267.73
130.86
624.75
229
39.44
319.47
679.37
82.91
267.74
379.66
219.36
60.24
328.64
225.62
299.84
866.16
192.57
282.43
96.28
51.12
333.15
333.15
519.72
328.64
333.94
72.94
255.58
343.83
490.71
119.4
319.83
491.58
200.8
478.7
829.1
466.41
430.31
84.05
468.14
410.75
635.86
187.15
361.4
198.99
237.46
524.44
185.74
204.46
497.46
871.16
759.58
191.69
231.1
261.71
280.62
165.07
320.95
556.14
145.93
231.08
385.09
68.77
863.42
303.94
309.29
99.5
46.57
111.25
536.77
187.15
79.6
314.06
558.68
202.81
859.57
187.15
392.57
84.81
200.56
81.05
133.26
224.66
337.71
207.23
67.55
447.77
159.74
268.95
198.99
143.44
130.86
741.59
275.07
93.58
198.99
253.2
57.41
105.17
268.19
136.31
319.47
441.64
188.02
159.19
198.99
230.02
188.02
199.89
319.47
159.19
666.3
102.69
212.64
346.92
515.74
95.32
204.46
396.17
155.96
283.18
165.07
132.66
337.71
537.89
124.77
238.53
293.91
235.54
132.66
136.31
209.37
154.56
166.58
113.28
159.74
82.91
159.74
235.33
552.59
445.77
441
130.66
309
218.34
383.37
156.69
312.21
149.24
320.95
117.67
305.11
223.63
666.3
128.38
320.95
403.42
188.02
364.48
340.76
394.36
492.95
278.58
343.34
211.83
825.34
200.8
542.77
266.52
379.33
476.58
363.7
672.36
246.48
219.36
159.74
663.28
281.12
93.58
499.73
139.29
748.17
156.69
666.3
99.04
402.42
403.42
116.08
295.84
825.34
159.74
836.66
255.58
397.97
165.07
405.25
108.07
131.62
381.26
342.29
205.38
383.37
340.76
98.59
297.13
506.39
94.14
267.73
101.77
188.27
40.55
497.46
127.79
327.13
187.15
427.23
266.52
31.95
170.38
211.27
133.87
58.78
399.34
270.17
112.29
137.54
513.51
162.76
333.15
397.97
394.36
508.84
90.77
327.14
142.17
241.33
393.65
102.71
296.88
345.37
417.23
397.97
383.37
525.82
451.05
603.63
218.34
213.77
102.23
200.8
621.37
212.02
775
138.15
225.52
654.28
223.63
525.82
183.2
542.77
53.07
334.67
643.39
438.93
343.41
660.27
352.67
127.79
236.62
79.24
364.67
240.68
125.35
333.15
914.42
34.23
173.46
183.69
160.48
99.95
594.25
320.95
200.56
162.83
319.47
660.27
301.2
266.52
205.38
87.51
383.37
385.14
706.27
261.32
264.11
98.15
127.79
90.65
343.83
66.33
66.03
223.63
473.21
328.64
547.67
314.06
495.21
295.77
344.7
331.64
188.02
334.67
313.37
160.48
144.41
424.97
163.57
561.23
840.45
607.87
508.84
156.69
279.72
636.75
180.72
523.42
319.47
133.87
111.82
169.62
300.83
457.52
623.4
262.22
182.36
855.73
95.85
319.08
156.69
821.59
333
165.07
239.61
103.62
302.57
211.27
98.15
63.88
245.36
94.01
95.85
154.06
51.58
188.02
57.77
902.5
165.07
282.4
164.32
128.38
385.14
396.17
188.02
328.04
421.89
118.21
410.75
237.46
305.31
205.41
576.69
319.47
346.62
681.51
33.17
165.07
191.69
176.57
538.14
678.46
285.76
481.36
374.84
319.47
339.23
95.85
167.34
386.03
235.03
320.65
394.36
122.21
33.78
39.8
529.2
203.54
53.55
322.02
402.58
363.15
319.47
167.34
224.66
198.09
133.87
328.64
328.64
886.75
914.42
93.58
76.68
132.66
684.58
669.33
108.11
208.15
96.29
191.69
453.09
69.97
287.53
332.25
137.88
318.38
666
492.95
101.77
50.43
471.79
825.34
594.25
333.15
159.74
479.21
832.88
124.77
111.82
681.51
229
101.32
163.57
429.18
477.06
259.37
333.15
261.35
396.17
666.3
499.73
506.56
205.41
112.81
301.83
191.69
419.84
259.86
167.34
86.35
159.74
99.05
127.79
133.26
148.59
156.69
152.45
178.14
344.46
301.2
156.69
494.53
283.18
319.47
332.25
288.85
565.02
499.73
312.23
262.91
681.51
47.93
403.42
223.63
273.84
328.64
871.16
346.92
200.8
333.15
817.82
508.84
90.77
215.66
100.4
539.13
349.49
159.92
156.69
188.02
175.79
271.75
215.57
449.32
128.33
364.72
57.25
98.15
882.84
160.48
660.27
175.49
133.87
86.73
385.14
331.64
268.95
379.23
530.63
299.84
327.14
204.46
460.09
115.01
112.33
139.39
489.67
591.54
187.69
134.48
172.69
133.87
463.05
196.29
199.89
681.51
231.08
116.61
235.44
320.95
125.35
191.69
251.6
403.42
449.76
201.1
142.98
111.82
203.69
206.3
122.13
238.53
299.84
255.58
227.58
328.33
447.8
87.09
495.21
751.47
156.69
100.28
268.95
124.77
265.32
59.97
337.71
275.07
288.85
173.46
283.18
268.95
700.04
282.4
94.01
351.4
120.34
162.8
523.42
262.91
427.23
657.27
385.14
470.66
141.2
497.02
284.47
320.95
571.51
188.49
418.16
207.23
495.21
490.03
351.6
234.27
155.96
518.06
709.18
254.42
47.07
135.09
337.71
602.4
266.52
203.82
399.78
288.85
371.48
261.35
266.4
153.35
623.4
391.87
394.36
327.14
328.6
230.05
224.66
365.88
327.14
312.23
690.74
417.79
314.06
351.58
182.41
353.04
427.23
782.67
265.32
139.77
497.46
173.86
481.42
444.98
439.02
589.01
351.21
47.93
910.44
405.25
308.15
445.69
663.28
529.71
167.34
171.53
323.87
136.92
198.99
538.98
196.29
174.24
519.94
104.08
333.15
334.67
356.27
703.15
399.78
108.66
449.32
164.02
284.47
561.23
460.04
109.17
429.18
268.95
709.85
67.85
32.72
189.98
424.12
327.22
363.08
42.22
313.37
313.37
351.42
463.88
133.26
243.37
385.14
287.2
144.43
165.82
316.62
204.46
99.35
219.36
320.95
504.27
281.14
256.76
628.42
278.07
47.01
165.82
297.11
494.53
430.31
527.36
825.34
37.43
334.67
223.63
265.79
713.4
385.14
259.03
675.41
132.66
169.01
855.73
221.28
530.63
209.08
464.04
248.29
875.04
365.6
270.17
255.58
251
124.24
223.63
98.59
285.95
221.88
170.69
79.96
70.32
231.89
163.64
268.95
50.89
297.95
109.68
231.94
669.33
317.72
247.01
82.43
162.25
151.35
605.4
201.75
312.95
645.26
163.17
41.42
182.69
652.87
101.41
83.67
34.31
360.84
256.03
393.65
381.26
273.1
160.07
195.32
579.85
219.71
659.37
666
157.46
202.93
365.05
269.07
362.2
232.07
73.63
317.72
189.67
514.59
494.53
221.28
676.02
114.38
177.51
252.89
80.32
102.42
530.15
362.66
112.95
312.19
277.16
423.17
494.53
156.1
662.68
284.5
399.6
689.51
437.24
287.22
626.41
158.06
626.68
312.19
94.18
162.25
234.14
218.54
201.8
316.11
666
492.21
151.73
158.06
160.64
261.72
682.74
33.97
703.15
140.49
522.23
696.31
407.63
166.5
93.66
713.49
133.87
115.39
662.68
65.61
87.89
99.41
143.39
366.86
132.54
177.52
316.11
395.63
407.63
262.43
33.47
247.27
298.21
227.41
242.52
492.06
692.9
682.74
399.6
164.02
358.44
480.29
328.04
167.34
397.15
317.72
530.94
444.81
410.94
395.13
348.05
424.12
237.27
676.02
173.86
316.11
622.22
156.1
63.23
336.34
411.64
499.5
229.64
34.65
652.78
676.02
312.19
662.68
200.8
662.68
271.75
409.08
508.35
497.01
105.48
218.54
290.55
689.51
659.37
113.8
172.38
54.89
138.47
160.45
211.65
218.54
381.26
226.3
502
499.5
86.97
499.5
338.01
713.49
229.85
169.85
522.08
467.6
682.74
167.34
401.6
191.22
659.37
669.33
190.63
164.02
231.94
317.72
619.5
295.24
395.63
524.8
219.42
543.75
317.72
399.6
337.93
351.58
140.63
363.7
333.61
329.69
689.51
118.69
519.68
676.02
716.95
381.26
381.26
662.68
411.67
189.62
127.09
160.74
124.88
317.72
659.37
143.38
89.19
67.61
309.78
249.75
713.49
442.55
588.59
234.14
94.84
283.05
132.54
200.8
662.68
659.37
623.27
249.75
648.61
249.72
679.37
430.75
111.21
676.02
207.87
494.53
460.69
169.85
262.43
435.19
164.85
214.05
481.92
242.52
472.38
278.53
110.64
65.61
343.06
344.76
149.11
83.67
189.67
302.7
218.54
304.21
220.33
494.53
270.06
84.51
397.61
628.86
290.13
713.49
333
51.72
54.62
689.51
221.28
322.88
214.16
133.87
317.72
312.19
686.12
273.1
710.03
76.26
169.01
150.84
343.06
158.99
186.36
662.68
381.26
316.11
441.76
401.6
538.14
285.95
530.15
679.37
198.81
62.44
308.29
119.29
349.49
233.27
686.12
260.29
166.5
393.65
189.67
706.59
163.86
338.01
330.43
164.02
328.04
311.37
266.89
368.22
347.72
131.88
82.01
527.36
659.37
424.12
170.78
199.8
565.27
49.95
367.43
170.69
205.47
188.22
110.64
356.75
689.51
366.86
156.1
301.2
41.17
411.67
509.53
106.03
93.18
47.66
62.12
285.95
246.03
546.73
270.41
145.41
545.55
676.02
305.01
165.67
476.58
33.14
401.6
437.24
93.66
662.68
497.01
317.72
669.33
68.33
271.75
68.62
123.06
662.68
126.45
73.45
317.72
508.35
158.06
216.51
428.13
507.01
682.74
207.87
296.72
381.26
273.1
262.43
108.17
151.73
203.82
316.11
110.87
130.37
444.81
166.5
135.21
669.33
559.97
158.06
403.5
249.75
411.67
144.09
190.63
413.71
351.58
95.32
86.62
201.8
74.55
353.3
97.01
339.69
31.06
31.22
168.17
290.96
100.4
164.8
393.65
67.61
257.74
669.33
330.97
190.63
720.42
401.6
666
381.26
46.35
156.1
532.53
662.68
316.11
115.97
352.67
324.49
472.38
201.89
31.06
190.63
99.9
101.41
679.37
72.71
158.86
696.31
504.5
266.4
169.01
227.6
190.63
608.42
52.3
174.9
255.2
317.72
280.97
530.15
78.05
72.54
622.22
366.68
218.54
317.72
254.77
240.15
267.11
216.97
338.01
401.6
499.5
399.6
666
492.06
659.37
98.91
221.28
339.69
626.41
312.19
430.75
57.19
32.81
430.75
186.36
659.37
324.31
265.08
215.26
122.46
208.9
156.1
176.65
142.83
138.47
441.63
720.42
267.74
540.12
126.45
468.16
317.72
299.7
656.07
686.12
532.8
173.19
95.32
269.07
596.41
158.86
344.44
634.35
426.14
689.51
344.76
421.89
267.74
74.93
328.04
156.1
430.75
659.37
533.46
285.95
207.87
689.51
611.44
78.7
682.74
200.8
413.03
262.4
565.27
710.03
466.2
343.06
642.14
368.55
363.52
554.53
657.81
461.71
454.97
659.37
167.34
63.23
669.33
48.77
393.65
252.89
401.6
401.6
313.34
198.81
57.19
666
156.1
142.98
197.82
327.25
492.06
904.88
126.45
448.25
256.84
48.03
314.88
538.14
316.11
338.01
360.84
524.23
322.71
666
61.8
430.88
252.89
262.43
713.49
679.37
519.68
512.06
460.72
415.74
385.23
234.27
142.67
734.42
457.61
235.44
393.65
249.75
510.37
499.5
659.37
117.14
339.69
277.16
164.85
546.2
713.49
314.88
317.72
497.86
573.5
124.24
278.53
457.05
348.16
321.28
710.03
157.46
331.34
214.05
235.44
249.75
426.45
220.88
346.45
171.53
246.03
267.74
109.27
110.64
186.26
339.69
126.45
159.84
298.21
92.7
659.37
274.45
349.49
571.77
96.06
156.1
273.1
422
149.85
85.62
441.6
313.34
633
666
420.42
493.7
349.49
83.67
201.8
861.88
656.07
204.83
397.15
381.26
229.86
339.69
720.42
662.68
349.49
642.14
556.01
397.44
171.53
206.86
167.34
494.53
686.12
662.68
263.75
98.42
482.1
201.8
494.53
529.94
566.1
279.89
381.95
499.5
334.67
629.55
546.2
183.15
176.65
308.76
328.04
215.7
344.76
254.18
218.54
187.32
265.08
298.21
461.56
202.81
339.69
174.08
59.94
156.1
571.89
166.5
462.27
467.07
311.11
236.61
507.01
349.49
669.33
492.06
210.21
511.16
504.5
105.61
489.81
289.57
124.88
522.55
77.65
476.58
204.83
328.04
156.1
682.74
101.91
669.33
172.33
524.86
706.59
64.11
117.72
134.54
599.4
316.11
662.68
395.63
737.94
267.74
494.53
177.02
548.9
497.01
111.5
316.11
116.55
93.24
549.45
499.5
410.87
69.24
366.3
202.31
659.37
271.85
720.42
679.37
190.63
815.61
151.35
576.95
710.23
161.36
292.53
560.47
874.66
273.1
464.19
196.83
269.07
497.01
441.6
395.63
98.45
235.44
234.27
372.96
379.33
497.01
317.72
149.85
343.06
426.45
807.2
874.66
346.45
557.66
158.86
172.38
185.76
56.2
614.64
432.26
79.03
304.21
319.52
57.41
305.51
98.42
870.39
554.32
832.5
169.85
93.66
95.12
866.13
508.35
878.94
166.5
410.94
457.25
284.47
827.41
139.77
499.5
218.54
280.97
217.42
516.89
205.84
144.09
883.23
887.54
333
339.69
878.94
835.57
187.32
492.21
131.88
421.89
317.72
189.85
682.74
397.61
669.26
102.42
288.78
317.93
278.53
307.24
568.93
629.18
55.44
497.01
97.49
154.38
95.32
703.15
49.21
662.68
417.79
659.37
815.61
201.97
150.6
163.76
177.02
840.83
532.8
515.46
261.04
184.07
443.78
101.41
407.63
270.41
190.23
186.66
191.49
662.68
596.41
476.58
65.23
301.2
281.26
508.35
399.6
261.12
266.4
158.86
706.74
238.57
206.52
874.66
77.65
222.41
281.26
51.21
200.8
60.24
213.23
86.97
105.9
319.52
819.29
205.84
195.99
202.81
256.03
832.5
120.48
203.82
397.61
140.63
333
222.41
137.91
236.61
428.83
155.69
124.24
292.4
478.71
377.37
312.19
623.61
537.01
168.1
235.44
195.93
720.42
811.56
63.55
331.34
395.63
795.22
173.23
173.23
348.2
40.57
174.94
164.81
674.53
508.35
82.31
132.54
92.7
273.1
237.78
93.18
166.5
420.42
63.23
82.01
611.44
89.19
93.66
275.81
686.12
348.16
93.18
507.01
645.76
186.36
83.86
262.43
659.37
477.13
190.63
507.01
163.05
79.53
529.94
285.95
532.18
517.13
417.79
267.74
174.94
169.85
476.58
499.5
361.96
535.47
38.13
788.18
317.72
273.1
832.5
333
280.97
540.81
201.8
512.06
401.6
334.67
333
454.05
185.37
802.36
883.23
476.58
403.6
126.45
333
866.13
445.98
301.83
409.65
656.07
331.34
682.74
278.83
212.29
131.88
617.51
55.61
265.36
502
659.37
870.39
381.26
671.26
338.01
476.58
199.8
99.9
152.11
666
328.04
203.34
137.91
421.89
803.2
164.02
133.2
249.72
44.57
836.03
158.06
257.05
104.96
538.14
144.8
682.74
499.5
434.8
60.93
328.04
67.94
381.26
158.06
323.1
171.53
795.22
210.95
574.63
492.06
316.11
279.89
197.82
659.37
666
200.8
211.98
286.78
317.72
158.86
201.8
807.53
285.95
246.03
151.73
368.13
352.64
845.02
53.82
504.5
134.54
145.79
338.01
324.49
713.49
457.05
62.12
645.26
249.75
363.7
828.35
222.41
164.85
866.13
97.49
403.6
433.01
84.93
806.19
629.75
164.02
559.78
79.92
568.03
537.43
391.49
162.01
408.29
403.6
298.21
317.72
161.36
190.63
138.47
346.32
316.11
99.41
98.91
476.58
201.8
164.02
737.36
430.24
317.72
43.71
99.41
171.53
316.11
155.3
132.54
207.87
840.15
849.22
158.06
235.44
66.27
189.67
158.06
328.04
443.78
669.33
828.35
108.7
171.71
444.81
317.72
860.91
328.04
202.81
594.45
98.91
274.12
482.66
395.63
83.67
206.86
238.29
395.63
197.82
500.09
450.02
489.15
852.57
50.45
136.66
870.39
177.02
559.78
202.93
189.67
481.92
174.83
360.22
499.5
509.53
203.82
560.47
251.79
241.95
494.53
190.55
745.01
262.4
207.87
158.86
133.2
136.55
166.3
222.41
317.72
222.41
259.84
279.72
282.52
441.78
457.51
669.33
461.56
218.62
836.66
839.67
391.85
104.96
647.87
114.06
317.72
200.8
811.56
186.83
263.75
517.28
46.83
274.45
149.85
492.06
334.67
870.39
293.89
709.82
360.84
99.41
262.43
124.88
344.76
82.34
168.17
261.12
49.46
49.95
347.72
55.17
33.64
184.49
824.22
221.28
67.94
514.59
156.1
424.61
95.79
112.39
807.53
571.89
556.1
204.83
173.86
239.76
156.1
382.97
247.31
339.69
679.37
870.39
348.16
338.01
88.76
470.87
317.72
348.2
347.72
379.23
593.44
93.66
596.41
265.08
519.68
299.94
155.3
156.1
623.27
447.01
258.28
68.96
234.27
706.59
124.88
499.5
74.92
316.11
218.54
861.88
202.31
131.22
460.69
210.21
494.53
248.51
114.38
160.64
500.26
113.8
131.22
381.26
510.8
459.25
499.5
437.24
720.43
626.08
393.65
94.18
538.77
51.46
691.17
655.03
389.94
395.63
308.19
476.58
52.75
156.1
292.3
659.37
519.68
198.81
421.89
110.64
197.82
413.03
68.28
792.47
645.26
136.55
198.81
428.59
473.21
647.9
836.68
170.69
95.32
336.34
288.74
384.85
166.5
299.7
477.92
400.76
501.16
229.85
844.28
596.41
455.19
273.1
828.35
379.23
324.63
399.6
267.74
115.97
296.72
122.46
209.95
56.9
158.97
150.21
716.88
528.34
187.32
681.89
563.28
180.11
106.56
289.6
59.94
101.89
716.95
278.53
83.67
692.9
499.5
87.02
158.86
275.81
307.24
90.75
497.01
336.34
280.97
147.62
329.69
57.19
316.5
381.26
444.81
245.44
415.74
918.02
515.27
703.15
509.53
240.24
329.34
139.95
642.22
227.41
209.92
395.63
85.35
494.53
530.15
206.05
543.5
803.2
710.03
68.89
249.75
840.83
327.72
157.39
253.51
452.6
92.7
196.83
397.61
285.34
242.52
283.93
522.23
187.76
219.71
77.65
34.31
556.44
866.13
198.81
507.01
201.8
190.63
41.17
174.75
414.18
407.63
70.28
167.34
551.14
203.82
279.89
699.73
135.21
298.21
165.49
269.82
828.35
249.75
108.77
304.96
121.08
827.33
217.42
381.26
69.98
190.14
713.49
577.46
207.87
84.51
397.61
152.51
377.25
173.23
316.11
333
165.67
413.03
50.05
253.51
457.51
379.33
313.95
611.44
603.53
40.97
202.93
381.26
563.28
109.27
136.55
101.91
156.1
662.68
397.15
81.13
400.38
366.3
333
401.6
316.42
131.2
215.26
186.36
173.23
196.83
117.72
32.97
676.02
216.54
174.03
703.15
330.75
124.24
333
582.75
155.14
836.51
259.37
870.39
269.07
190.63
77.65
662.68
37.28
94.84
316.11
187.32
266.4
168.17
392.58
281.12
312.81
235.44
403.6
110.33
274.83
692.34
324.07
411.67
328.04
852.57
215.26
828.35
360.84
333
703.15
65.94
509.53
393.65
333
203.34
532.8
338.01
146.23
205.47
198.81
292.4
137.91
815.61
339.69
98.5
158.86
401.6
254.18
62.12
590.47
166.5
506.74
208.9
273.1
317.72
124.24
527.36
824.22
423.28
510.37
165.67
168.76
507.01
300.3
309.78
316.11
222.41
284.47
316.11
51.21
197.82
316.11
532.8
540.81
164.02
238.96
494.53
102.74
866.13
117.14
155.3
171.53
158.86
746.24
343.06
187.32
155.69
815.66
218.54
334.23
874.66
158.86
99.41
32.97
832.5
237.08
620.56
49.46
165.67
164.57
176.65
317.72
476.58
546.2
158.06
368.13
249.75
313.34
31.62
41.38
204.83
329.69
331.34
452.6
346.17
403.6
562.52
616.05
277.16
730.1
286.75
91.37
538.14
316.11
658.26
237.91
275.81
119.29
832.5
67.94
201.8
514.77
314.21
168.1
316.11
336.34
68.62
278.53
169.85
524.8
524.8
202.81
381.26
301.04
666
143.39
559.78
317.93
765.9
341.16
198.81
442.85
66.94
632.7
218.54
328.87
242.52
686.12
190.63
448.18
620.56
221.28
203.82
186.66
377.37
84.51
189.62
270.41
413.03
49.7
164.85
333
229.63
587.77
397.61
92.7
666
349.87
277.16
319.52
95.32
32.97
343.06
164.02
163.05
135.21
238.96
108.15
266.4
92.7
285.95
60.24
252.89
811.56
397.61
198.78
199.8
277.16
171.53
799.49
725.31
251
179.24
316.11
828.35
92.7
198.81
662.68
399.6
413.03
198.81
267.74
249.75
158.06
205.47
844.28
411.67
164.02
135.03
270.41
381.26
316.11
334.67
183.41
86.62
66.27
343.06
461.56
316.11
441.6
102.42
184.99
380.27
164.85
795.24
51.21
679.37
263.75
393.65
108.03
217.54
317.72
462.28
556.1
679.37
312.19
502
456.31
480.29
157.18
237.78
334.67
161.44
273.1
328.04
280.97
507.01
274.45
874.66
252.89
532.8
662.68
832.5
198.81
328.04
172.38
287.31
142.98
83.86
164.85
333
381.04
491.2
266.4
522.23
118.89
136.55
565.27
432.9
585.67
349.49
84.51
221.28
82.01
280.97
186.48
173.23
270.41
190.63
266.4
682.06
666
866.16
847.9
316.11
263.75
492.06
328.04
222.41
102.42
874.66
602.4
140.49
840.83
202.93
532.53
229.64
540.81
476.58
155.3
696.31
676.02
95.32
497.01
168.59
79.13
124.88
40.16
62.12
773.47
546.71
403.6
492.06
278.17
312.19
428.59
419.84
326.1
183.7
153.62
193.62
349.49
302.52
504.5
403.6
142.01
426.45
339.69
497.01
279.89
265.08
258.45
210.21
270.41
46.83
240.15
198.81
252.89
275.14
334.67
467.71
47.66
811.56
285.89
406.68
133.87
283.05
328.04
131.22
482.25
512.06
95.32
127.09
67.27
676.02
517.13
190.63
312.19
338.01
828.35
316.11
199.8
612.36
119.48
444.81
861.88
296.72
158.06
188.01
832.5
168.17
62.12
124.88
190.63
206.45
217.6
158.06
475.56
824.22
201.8
305.01
252.89
317.72
413.58
827.82
317.72
267.74
479.52
295.24
133.45
285.95
171.53
169.01
222.99
317.72
253.51
32.81
501.13
316.11
259.84
411.67
144.09
540.12
807.53
278.83
866.13
324.07
472.38
678.9
109.27
136.55
367.4
240.96
397.61
99.41
585.67
196.83
532.53
103.26
199.8
818.5
93.66
393.65
305.72
102.92
168.64
305.01
348.16
476.58
483.72
158.86
274.45
173.86
676.02
666
282.52
502
441.6
389.94
540.81
331.25
280.24
221.28
334.23
124.24
86.19
557.05
221.28
699.73
205.84
506.27
184.49
329.69
502
94.84
477.92
395.63
176.49
803.99
754.73
157.39
331.34
381.52
811.56
50.45
99.41
585.67
242.52
46.59
93.18
497.01
252.25
197.82
237.08
913.63
93.71
791.25
329.69
291.02
751.02
164.02
189.67
807.53
336.34
101.91
442.06
518.16
695.63
518.3
803.5
444.81
403.6
253.37
167.34
317.72
836.66
190.63
77.65
339.69
202.93
599.4
878.94
710.03
662.68
152.98
662.68
666
127.09
317.72
221.89
248.51
401.6
181.33
50.96
807.53
832.5
309.13
246.03
254.18
155.3
164.02
233.1
295.24
133.2
713.34
239.47
765.9
734.83
189.67
524.86
696.31
656.07
149.11
199.8
316.11
158.18
137.23
290.17
62.12
189.67
836.66
534.4
608.42
251
267.74
285.95
82.01
669.33
81.93
236.61
336.34
101.91
835.57
118.31
316.11
139.95
312.19
285.95
716.88
638.09
174.75
158.86
169.01
66.94
66.6
338.01
94.02
69.98
168.17
336.34
171.53
198.81
411.67
666
176.65
870.39
158.86
614.94
106.56
99.41
111.21
554.32
720.42
316.11
243.37
333
242.16
341.37
669.33
168.17
389.21
256.03
83.25
832.5
124.88
324.49
755.69
173.23
843.78
485.27
417.49
116.55
509.53
198.81
137.23
329.12
557.24
689.51
399.6
256.79
381.26
397.61
348.16
381.26
47.66
222.41
476.58
445.98
840.15
597.85
33.47
140.56
844.28
336.34
164.85
249.72
187.32
284.5
168.17
139.77
527.36
608.42
197.82
803.5
288.17
127.09
528.31
874.66
381.26
227.41
105.5
524.68
158.86
214.19
169.85
407.63
530.15
104.98
118.89
197.82
84.09
139.17
623.61
317.72
187.32
99.41
242.52
497.01
269.07
312.19
656.07
430.75
298.21
689.41
338.01
285.34
285.95
172.38
65.61
99.41
476.58
173.23
326.1
412.11
474.94
217.6
381.26
476.58
293.77
142.98
397.15
54.35
212.95
590.47
507.01
173.23
158.86
156.1
100.9
168.17
120.12
296.37
811.56
560.57
571.77
336.34
333
522.23
225.2
338.01
222.41
497.01
158.25
459.25
310.28
311.11
348.16
287.31
343.06
349.87
426.72
269.07
87.04
368.13
504.5
282.52
433.01
202.81
624.37
165.67
284.5
98.42
861.88
599.4
339.69
172.38
247.31
237.08
277.16
115.83
158.06
269.07
203.82
165.67
199.8
383.73
135.21
93.18
99.39
52.49
69.24
278.33
348.16
189.62
682.74
106.51
31.78
31.62
185.26
599.4
412.11
590.35
828.35
267.74
849.22
253.51
430.75
134.54
148.36
124.73
316.11
31.22
81.17
686.06
186.36
312.19
169.01
405.61
328.04
101.41
203.82
165.67
82.01
405.61
172.39
548.9
274.45
216.33
130.52
492.06
478.05
156.1
85.35
34.31
168.17
317.72
832.5
238.96
31.62
407.63
509.53
540.32
66.73
384.23
164.85
666
384.23
562.24
475.56
31.62
31.62
514.59
112.39
102.42
381.26
562.52
832.5
234.32
270.41
269.07
77.78
86.19
878.94
103.43
82.34
331.34
184.49
281.64
399.6
332.6
155.3
393.51
102.42
171.71
249.75
554.32
299.43
504.5
499.89
692.9
170.69
466.2
200.8
187.32
339.69
31.06
171.57
32.97
430.94
381.26
347.91
541.4
381.26
599.4
172.38
203.39
866.13
164.02
464.76
50.45
34.99
512.06
451.09
49.46
247.31
267.74
646.12
347.72
410.94
208.63
149.09
519.03
196.83
829.97
316.11
551.61
51.72
329.69
166.5
317.72
844.28
267.74
33.47
190.63
110.64
285.95
31.06
252.89
426.45
222.99
355.85
527.36
494.4
441.6
71.44
158.86
824.22
799.2
795.22
831.48
795.22
651.06
133.87
158.86
148.32
840.83
166.5
78.05
280.97
836.66
238.29
205.47
302.7
330.97
296.72
186.36
496.95
426.49
184.28
807.2
818.38
816.14
656.07
745.52
803.5
819.29
276.94
636.86
667.21
828.35
196.83
494.53
110.17
762.08
302.7
171.53
686.12
795.22
527.5
156.1
155.3
765.9
692.34
166.19
273.17
100.9
452.6
831.48
659.37
238.29
795.22
379.33
669.33
166.5
316.11
339.69
686.12
231.75
470.87
83.25
492.06
728.95
762.08
406.68
682.08
278.1
355.35
80.78
336.34
709.82
381.26
720.43
795.22
31.78
571.89
134.54
494.4
659.37
328.04
82.84
197.82
488.15
285.95
799.2
692.34
720.43
328.04
83.67
84.93
795.22
712.38
755.46
579.85
817.63
811.79
510.37
328.04
483.16
494.4
334.67
695.82
685.75
782.98
795.22
235.44
175.79
647.7
147.26
689.19
712.12
814.16
798.53
99.41
388.71
338.01
587.1
248.48
828.35
233.1
393.65
309.57
429.65
344.76
554.32
329.69
818.38
50.45
231.75
247.2
268.83
504.5
864.51
262.43
210.21
348.16
31.06
166.5
32.81
439.03
529.94
605.4
50.71
174.08
341.04
836.66
317.72
571.89
612.38
828.35
532.8
716.95
333
883.23
504.3
133.2
304.88
211.17
377.37
795.22
301.83
114.82
177.93
262.43
870.39
186.36
550.81
116.55
527.36
342.38
312.19
217.42
312.19
263.75
252.89
576.95
271.75
140.63
828.35
57.99
262.43
304.21
832.5
31.06
807.53
223.92
840.83
189.67
499.5
317.72
34.31
208.9
860.34
334.67
190.63
317.72
99.41
194.31
266.89
676.02
514.59
331.34
352.98
82.84
246.84
428.59
669.33
682.74
150.59
281.64
258.9
323.85
196.83
265.08
115.97
170.41
202.93
147.62
777.24
316.11
460.69
189.67
140.49
316.42
358.48
689.51
872.88
509.53
126.45
165.67
170.41
807.53
156.1
274.45
553.87
49.71
334.67
492.06
349.87
426.45
692.34
99.9
263.75
373.33
504.5
702.8
297.38
840.15
758.28
94.84
131.22
267.74
170.69
390.64
66.94
692.93
492.06
98.45
269.48
874.66
215.38
573.5
296.72
719.28
379.33
190.63
206.86
409.65
514.59
137.91
686.12
221.28
529.94
96.54
168.17
111.5
904.88
403.6
199.8
485.5
254.18
295.24
870.39
662.68
53.02
254.18
593.44
828.35
343.06
336.34
107.24
158.06
312.19
136.55
720.42
331.34
99.9
164.02
417.79
158.06
185.89
247.2
334.67
86.97
870.39
662.68
331.34
274.45
218.54
231.75
351.58
368.13
494.53
397.61
372.44
662.68
284.47
519.7
669.33
217.42
109.86
114.38
413.71
317.72
312.19
156.1
845.02
355.02
796.84
543.5
190.63
120.67
153.62
848.42
327.72
399.6
344.76
292.3
379.33
174.08
234.14
476.58
596.41
206.86
51.72
328.87
71.01
623.61
509.53
166.5
421.89
413.03
198.81
909.25
216.58
799.49
504.5
499.5
76.51
224.09
156.1
302.7
369.84
174.08
461.98
302.7
149.11
94.44
164.02
165.67
99.41
320.47
443.46
497.01
415.74
118.89
317.72
388.63
482.66
328.04
197.82
262.43
397.61
51.46
669.33
267.74
284.5
822.78
701.16
244.58
190.63
815.61
130.97
331.34
220.8
164.85
799.49
229.63
202.81
413.03
126.45
493.67
363.7
244.26
476.58
131.22
832.5
202.7
631.82
421.01
521.45
169.85
662.68
66.94
354.98
312.19
492.06
37.94
209.17
353.78
174.08
483.16
614.47
78.05
519.68
896.19
336.34
189.67
692.34
478.05
279.89
124.88
856.18
284.5
891.86
116.55
468.77
187.32
340.29
329.69
85.35
101.41
492.21
319.68
303.46
190.63
62.44
224.78
31.06
324.01
870.39
336.34
179.24
560.47
904.88
295.24
381.26
62.44
765.9
334.67
666
141.51
261.04
299.7
381.26
559.18
769.7
477.92
149.33
411.67
330.81
699.3
328.04
721.15
848.42
439.41
158.06
46.83
648.61
213.01
563.11
66.94
455.84
190.63
499.5
249.75
130.34
247.66
133.2
522.23
475.56
423.95
344.76
267.56
527.36
189.29
142.48
403.6
407.63
506.14
815.61
247.82
571.89
447.31
162.25
135.88
662.68
33.3
98.91
105.5
548.9
371.81
220.33
410.94
674.21
158.06
123.51
455.84
517.13
84.93
156.1
848.42
253.51
603.79
874.66
156.1
336.34
186.17
811.56
685.73
201.8
849.06
202.81
672.67
341.04
329.69
100.1
205.84
317.72
260.66
283.93
170.69
621.8
229.63
331.34
836.66
187.32
483.16
124.88
277.16
564.12
309.78
393.65
253.51
118.69
398.19
267.74
870.39
483.16
359.73
51.21
565.27
252.89
311.1
65.94
378.48
99.9
274.98
206.52
193.07
98.21
62.44
658.23
306.55
49.24
388.62
798.1
45.05
279.99
76.93
365.7
651.2
443.35
530.67
259.08
256.5
448.05
70.87
162
424.53
203.33
618.64
153.83
312.81
80.53
724.05
129.54
687.44
155.55
93.33
154.7
404.94
194.31
71.25
678.49
350.11
212.27
372.23
644.33
392.83
309.22
137.14
607.41
138.23
583.38
809.62
411.41
583.73
511.56
537.06
225.22
383.12
682.08
303.85
647.7
407.09
674.9
511.56
497.58
265.89
103.64
483.16
312.81
154.7
311.1
769.28
278.46
671.33
613.87
201.4
636.8
411.19
268.53
404.81
252.37
818.38
255.78
342.85
483.16
468.86
237.47
61.07
814
674.9
87.08
375.37
312.81
161.93
269.96
789.87
126.86
138.23
472.43
60.73
335.67
417.94
866.16
544.28
916.95
865.92
83.93
169.63
375.37
194.31
74.26
342.85
870.71
469.21
689.3
421.01
196.42
371.2
367.4
185.64
263.29
162.8
227.92
268.53
311.1
204.6
590.28
251.75
485.78
208.39
835.55
169.63
712.47
115.51
488.4
390.72
144.95
323.85
185.64
448.05
109.49
572.95
610.64
30.94
392.83
62.57
278.63
65.83
678.49
228.35
300.71
651.2
818.38
403.17
208.97
187.69
460.11
311.1
682.08
268.53
227.92
92.82
523.77
323.85
330.7
341.04
658.23
260.48
822.78
861.63
97.68
452.58
247.52
186.66
322.11
271.4
644.21
335.67
493.67
406.65
839.16
771.77
230.38
411.41
658.23
485.78
281.53
250.25
682.08
197.23
402.8
312.81
539.92
323.85
163.68
547.58
548.55
300.12
805.59
322.11
310.9
377.13
596.82
173.24
839.16
469.21
323.85
97.16
180.05
357.76
393.52
327.4
323.85
298.65
144.81
392.83
134.98
350.11
218.97
875.27
327.36
342.21
201.4
469.21
413.58
785.65
31.29
375.37
518.38
54.57
822.78
77.35
814
452.77
682.08
485.78
218.97
491.03
41.97
621.97
522.43
130.66
242.53
402.8
111.39
323.85
129.54
549.95
438.69
65.83
180.05
506.18
268.53
327.36
771.28
260.48
789.87
685.69
327.42
368.56
111.39
128.85
879.85
346.47
720.89
485.78
168.92
491.03
306.94
404.94
112.04
156.41
519.7
67.49
203.55
184.31
563.11
278.63
142.99
392.83
242.53
93.33
327.36
849.02
38.87
268.53
870.71
346.47
33.93
844.59
350.11
281.53
217.77
97.16
861.63
350.11
658.23
404.94
371.2
279.75
720.18
503.5
893.85
822.78
242.53
770.76
214.48
875.27
147.7
545.38
589.24
34.47
870.71
259.85
176.89
272.84
131.65
327.36
134.27
415.76
53.35
542.79
344.09
102.86
779.55
161.93
259.08
322.11
247.52
164.56
172.33
112.04
169.63
164.56
343.11
358.16
161.93
394.94
32.92
156.41
312.81
879.85
386.53
238.38
154.7
156.29
674.9
186.66
103.08
651.2
407.09
621.97
112.61
248.94
65.48
93.33
202.47
485.78
201.4
879.85
121.49
114.58
168.73
884.44
52.66
907.6
134.27
428.56
155.55
375.37
818.38
65.69
264.43
411.41
488.4
242.97
449.77
103.94
626.91
323.85
280.09
493.67
511.56
789.58
156.41
62.22
184.62
311.1
375.37
105.82
245.52
193.85
526.58
582.93
466.35
269.96
130.24
269.96
518.16
167.84
375.37
145.42
394.94
100.56
617.12
160.29
346.47
822.78
453.39
202.22
241.33
870.71
483.16
226.7
185.64
410.65
261.89
129.54
249.64
822.78
97.16
193.01
450.95
728.89
169.63
386.53
467.06
371.2
818.38
435.36
647.7
263.29
402.8
97.68
337.83
483.16
251.75
163.68
373.32
691.14
279.75
242.53
80.99
738.46
503.5
342.85
289.9
167.84
327.36
202.47
805.59
866.16
822.78
421.01
491.03
493.67
311.1
658.23
302.1
813.99
555.68
537.06
323.85
450.95
469.21
406.65
557.26
335.67
471.89
129.24
129.95
138.59
375.37
500.49
257.69
39.29
175.06
695.45
339.25
154.7
413.58
196.76
221.74
491.1
69.3
242.89
154.7
107.7
107.11
322.11
40.93
260.48
469.21
262.99
683.76
234.97
818.38
469.93
57.29
30.77
47.25
242.89
689.3
130.24
299.15
692.93
45.91
322.11
348.29
128.85
212.6
452.77
437.93
839.16
493.67
375.37
280.09
134.27
175.06
437.93
154.61
199.9
123.76
689.3
209.79
97.68
468.86
311.1
483.16
137.14
155.55
442.9
167.84
97.16
246.84
491.03
809.62
54
404.81
161.93
394.94
472.43
576.45
265.89
537.06
861.63
464
570.63
547.58
907.6
185.89
651.2
435.54
339.25
169.63
902.94
253.09
215.97
424.53
503.05
182.34
141.73
441.02
112.02
161.06
491.03
322.11
144
566.04
455.84
482.51
242.89
658.23
176.7
163.68
187.69
73.26
40.92
506.18
506.18
124.44
100.99
334.43
527.91
392.83
329.12
337.45
503.5
155.55
291.42
503.5
260.48
256.71
40.71
205.71
716.32
322.11
545.67
309.4
50.35
153.83
236.96
222.26
474.94
169.51
814
170.17
350.34
98.21
49.11
311.1
161.93
493.67
168.41
102.86
317.13
218.27
171.11
147.7
453.39
325.6
339.25
269.96
130.24
330.01
379.95
247.52
161.06
916.95
450.44
194.31
157.13
206.86
277.16
165.63
276.48
699.73
341.04
341.04
59.94
255.17
134.54
70.32
181.3
139.32
32.39
663.28
716.95
393.65
851.89
840.83
35.2
246.38
787.53
126.4
242.05
172.89
149.96
311.2
570.69
404.03
236.81
250.15
231.98
163.75
385.27
156.11
204.84
136.45
80.69
124.62
164.98
164.42
32.11
103.2
113.39
211.85
208.66
64.5
42.65
95.86
95.42
209.18
218.55
155.38
344.87
30.94
81.94
93.23
77.69
156.11
34.21
45.78
164.23
38.17
141.25
195.28
61.87
345.18
61
180.57
202.51
67.2
226.98
693.45
325.46
142.43
89.35
114.44
265.17
135.01
345.18
38.88
33.45
150.52
61.86
139.31
164.23
42.96
316.25
68.73
110.46
43.11
140.48
34.68
133.44
116.54
102.17
67.81
365.69
171.05
425.04
257.99
346.73
284.86
464.95
412.37
670.59
201.6
196.18
489.61
332.6
443.81
63.03
108.77
80.63
170.29
585.41
318.69
172.59
193.26
287.3
131.19
163.48
499.45
141.15
94.54
49.72
207.11
100.35
388.28
77.69
403.07
64.38
525.75
61.58
81
102.17
127.82
364.82
78.42
364.82
98.09
170.29
156.23
163.48
348.03
84.34
207.11
167.24
441.18
337.52
67.51
472.38
303.55
340.57
131.38
15.76
303.98
360.83
151.69
538.84
129.6
131.01
345.04
183.21
118.24
40.51
184.02
319.54
421.65
166.88
158.31
240.54
67.33
82.11
224.52
169.51
305.77
494.93
98.39
191.59
81.37
141.76
143.69
432.99
173.25
158.77
204.34
158.31
316.58
510.47
145.62
332.84
278.03
102.17
290.97
170.29
118.14
162.73
298.67
359.95
376.29
265.25
870.68
205.27
149.48
168.76
15.91
334.3
131.99
768.01
423.55
259.2
131.38
168.76
359.95
230.36
659.91
294.83
199.78
131.38
123.71
320.99
99.71
23.21
299.67
346.71
500.22
171.06
705.87
836.23
878.44
359.95
287.59
162
227.66
468.29
98.99
59.12
186.46
164.98
337.32
178.94
181.44
240.54
246.33
82.11
274.9
136
192.6
16.73
293.87
67.2
335.98
239.49
385.19
621.34
29.08
326.97
272.46
161.27
202.52
324.48
855.3
170.29
319.54
51.32
88.41
81.74
167.99
169.51
170.29
167.99
882.39
168.76
489.29
508.53
162.73
326.97
386.99
206.18
227.66
487.59
336.31
201.59
520.06
233.07
19.8
35.45
30.93
164.22
257.99
137.45
357.63
161.27
286.08
359.95
843.8
177.3
412.35
624.87
51.6
130.18
189.08
650.9
404.62
325.45
294.66
340.57
247.41
170.29
50.18
232.04
557.48
59.94
162.73
531.74
770.37
503.97
325.45
142.39
158.31
80.28
359.95
866.76
349.85
438.78
138.08
155.52
93.23
163.49
781.08
302.38
352.96
276.15
286.1
102.17
400.28
505.98
33.15
325.45
408.71
313.45
282.37
851.41
485.01
675.23
99.89
318.05
167.99
383.1
339.02
390.54
97.08
20.53
806.22
188.58
198.89
328.43
25.8
524.77
100.8
72.17
503.97
337.52
518.39
78.11
100.8
326.97
412.35
524.77
237.58
46.39
591.18
19.62
49.5
515.98
31.96
270.02
390.54
902.06
515.44
276.15
495.52
748.08
27.13
277.37
106.35
472.94
349.85
202.52
229.91
527.93
342.12
564.73
83.63
54.02
810.05
254.44
495.79
240.74
154.9
508.53
350.17
254.29
246.33
661.61
325.45
316.61
622.13
274.4
24.99
81.59
315.12
160.94
163.18
688.41
55.17
443.24
286.73
253.79
35.57
56.09
232.64
244.76
187.8
163.17
65.57
169.2
406.07
326.35
406.07
248.08
16.85
406.07
471.52
482.82
148.2
193.13
701.47
82.32
355.67
81.22
67.68
65.87
200.32
324.84
450.96
793.94
682.76
134.76
203.04
106.16
68.22
815.87
458.94
208.59
372.44
233.41
98.8
505.34
265.39
171.5
207.64
704.63
592.4
84.6
418.99
438.2
808.54
202.57
77.97
203.82
191.36
526.1
300.48
516.83
102.44
386.97
75.63
68.6
49.72
534.19
230.45
470.18
176.16
171.5
66.47
343
342.51
255.15
418.99
436
411.6
175.19
84.99
312.01
293.72
276.86
239.01
276.86
830.84
95.68
630.39
682.76
18.28
395.2
397.21
526.1
208.59
532.64
230.54
395.2
97.46
726.67
329.97
102.9
164.67
682.76
261.87
211.51
360.13
224.36
447.81
349.53
57.41
529.3
168.45
417.17
261.08
81.21
186.06
169.97
262.71
280.84
61.46
627.6
273.15
188.48
84.77
30.02
532.63
195.61
138.31
414.93
755.91
345.78
300.46
328.47
71.65
271.68
418.64
81.51
66.11
57.4
615.52
260.47
849.38
464.86
289.14
650.48
352.1
401.2
624.74
475.05
394.78
402.56
818.83
670.13
129.22
435.58
451.48
848.99
620.7
197.4
129.2
132.8
64.61
481.4
525.58
280.17
228.69
176.05
333.4
645.4
852.87
385.52
172.11
338.1
122.11
52.89
50.26
70.57
871.16
80.05
281.58
51.4
100.06
342.66
50.03
113.07
687.79
789.6
206.53
192.06
197.4
67.92
185.13
348.87
122.26
409.16
121.56
119.41
135.84
247.84
106.07
243.11
115.69
516.32
20.29
809.78
269.25
111.75
281.58
540.96
359.61
299.89
160.78
251.18
385.86
448.2
796.26
156.5
493.42
287.83
243.11
324.51
535.02
685.13
137.69
269.25
451.19
241.55
64.61
166.77
185.62
338.64
120.63
215.9
202.86
41.5
471.18
530.33
513.98
244.21
342.66
644.8
80.39
536.18
435.58
652.04
279.09
49.72
254.72
107.23
160.78
191.88
169.05
782.44
109.65
321.55
491.3
266.1
811.27
385.52
350.37
320.1
184.29
241.16
201.94
169.05
334.91
389.84
296.99
670.13
100.97
282.84
335.4
419.29
136.46
710.18
830
130.41
31.63
316.28
437.51
68.54
755.91
573.16
61.96
294.33
685.13
169.8
676.2
54.59
649.02
128.04
208.38
153.8
170.58
883.88
188.46
390.73
536.11
331.95
364.99
271.68
259.33
368.48
172.43
191.88
416.75
334.91
629.55
124.16
113.07
804.16
201.04
723.74
225.86
229.28
276.62
413.46
241.55
759.27
230.3
153.52
101.43
111.64
276.62
462.74
185.95
50.94
502.6
168.28
107.95
123.06
33.51
15.67
425.79
20.29
138.05
192.72
248.96
378.64
335.07
101.43
688.17
82.64
68.54
856.63
297.37
293.05
485.63
490.12
132.8
49.13
207.47
304.29
172.11
70.57
667.06
281.58
258.16
185.11
375.24
271.68
445.45
246.38
214.2
171.33
157.92
38.04
497.01
330.53
266.83
770.46
180.15
121.03
413.06
397.71
203.76
192.93
96.03
371.96
277.84
207.47
348.87
338.1
664
148.77
82.99
247.84
437.99
489.03
200.12
272.92
84.14
348.87
169.8
85.09
280.31
341.15
116.2
68.54
342.66
89.56
407.52
535.95
315.84
249
163.77
342.66
414.93
176.7
807.8
688.42
573.16
344.21
373.62
361.38
284.66
411.99
182.7
179.26
123.36
345.78
166
227.87
85.29
503.22
116.95
83.77
644.8
183.39
414.93
353.55
163.01
21.59
211.18
247.9
309.79
644.8
224.07
196.71
45
530.33
163.77
291.68
15.75
242.05
143.92
279.42
181.5
97.81
164.76
308.26
136.21
453.52
30.29
399.28
289.4
203.76
134.03
193.64
216.39
167.7
314.1
259.33
270.7
163.75
201.94
165.23
190.18
100.97
148.04
58.69
106.73
163.72
179.12
119.27
119.71
123.06
324.11
266.55
227.87
73.72
74.35
79.53
151.28
75.73
172.89
143.29
207.31
196.52
218.12
190.82
179.92
135.84
41.68
204.69
104.05
58.96
207.47
102.8
104.81
108.2
60.58
103.63
115.24
116.74
202.13
242.05
90.9
170.58
83.77
258.16
255.86
107.01
185.04
125.35
68.85
210.56
260.47
138.31
175.55
57.48
163.01
46.91
230.3
102.8
210.56
188.91
94.01
84.53
165.23
265.17
244.28
62.24
247.9
135.84
62.97
247.9
33.36
33.73
252.42
69.78
250.15
259.33
255.86
126.52
75.06
64.79
252.42
160.05
98.26
164.48
220.39
238.81
243.38
265.17
157.43
240.08
234.55
143.25
203.76
119.41
135.84
258.16
58.34
246.75
218.34
220.74
60.86
160.1
56.68
128.62
189.32
48.68
124.84
242.29
40.03
208.25
184.28
181.79
96.47
94.01
97.27
197.99
122.64
260.47
114.96
254.7
128.56
182.46
135.84
249
63.95
169.05
41.31
81.51
75.39
32.61
245.65
213.85
67.62
149.59
134.03
121.72
113.58
199.2
107.01
67.02
61.13
95.95
252.2
186.72
141.02
243.11
194.22
258.16
181.61
42.42
245.65
102.8
231.14
251.3
136.46
261.65
242.04
202.08
193.26
145.7
249.9
260.25
113.87
170.41
81.07
138.8
205.42
263.72
86.75
266.1
239.66
244.27
160.64
150.63
169.8
364.89
306.7
245.07
116.1
235.44
534.5
497.58
144.43
35.83
503.32
174.26
170.8
274.39
262.57
157.55
140.37
281.3
232.2
50.49
40.9
134.38
71.9
233.06
155.49
109.06
166.75
111.25
259.08
160.18
152.68
183.24
109.28
266.99
73.14
119.83
269.61
41.64
170.41
263.72
235.39
61.35
209.12
227.56
245.13
55.27
223.6
192.47
257.91
185.77
202.35
253.32
165.92
125.28
175.05
41.2
51.41
229.73
153.02
86.66
193.31
170.3
137.55
266.1
103.63
246.14
52.05
84.64
227.29
199.17
68.78
198.12
112.52
59.92
107.85
81.05
250.58
276.29
221.12
140.4
337.14
276.84
659.14
85.05
275.84
116.12
262.45
674.27
202.28
541.89
857.46
262.45
677.36
266.06
869.7
850.44
701.96
302.33
869.7
901.06
127.91
168.57
268.48
539.42
165.55
665.15
257.43
337.14
311.68
268.48
845
264.88
541.89
869.7
559.13
154.46
95.94
334.11
365.78
189.64
114.27
252.28
773.22
186.57
319.47
479.66
350.02
538.78
397.97
534.41
138.89
268.95
340.76
207.23
277.53
235.56
265.32
329.57
183.24
392.57
103.62
182.34
169.62
374.67
139.39
178.14
250.49
334.67
511.14
241.76
282.03
169.62
532.05
426.02
497.46
337.71
189.12
520.37
267.73
175.79
336.18
173.46
518.06
497.46
294.16
407.08
412.6
123.24
210.01
511.14
84.38
397.97
497.46
495.21
101.77
546.27
507.62
295.18
168.76
336.02
345.37
362.59
336.18
275.07
260.53
385.14
890.68
204.46
508.84
342.29
539.13
345.05
551.05
270.17
171.15
532.05
127.79
315.02
174.24
333.15
483.49
693.83
109.74
54.28
171.15
143.77
72.97
178.93
105.48
281.12
182.89
170.38
684.58
206.86
103.62
88.68
342.02
69.7
66.49
700.04
332.07
343.83
136.92
99.32
213.77
210.01
375.63
240.68
513.51
71.89
312.23
504.27
216.6
267.21
302.42
210.01
118.73
335.48
287.31
239.87
376.55
336.97
175.79
291.41
82.15
522.7
177.35
91.19
35.79
170.73
541.5
280.02
85.96
541.5
171.15
799.56
201.71
503.03
350.02
340.76
576.69
65.14
85.58
207.23
184.49
53.68
240.96
293.9
670.96
504.27
715.69
87.9
184.02
348.47
520.37
425.95
898.55
116.02
352.26
175.79
42.01
118.73
338.43
178.14
514.32
871.16
552.59
48.36
790.73
262.01
374.29
251.3
412.6
34.54
515.74
735.06
329.57
127.13
279.41
518.06
339.23
168.09
130.27
115.28
249.39
259.03
185.74
370.57
435.17
224.66
70.32
204.46
180.4
149.44
208.62
233.08
186.09
271.39
212.82
74.58
863.42
131.83
147.22
336.18
405.48
246.45
859.57
185.74
164.32
141.2
184.88
266.52
288.35
135.09
220.5
160.07
146.31
330.08
223.63
210.95
168.86
135.09
333.15
540.33
363.03
174.03
137.54
107.96
268.95
502
361.44
79.24
464.17
690.74
103.62
85.19
210.32
238.53
35.85
239.61
102.69
326.64
167.27
602.4
267.73
742.95
31.2
220.5
163.57
149.26
99.5
49.75
336.18
684.58
135.7
59.97
488.49
166.58
313.63
99.05
99.05
69.7
285.76
773.61
239.87
859.57
40.16
339.23
234.85
193.37
168.09
128.38
530.63
41.26
136.92
199.89
68.77
199.89
787.46
51.58
175.79
500.74
513.44
168.09
368.13
470.65
803.19
330.14
296.46
825.34
174.05
836.66
268.95
410.75
51.35
320.59
249.78
423.77
359.42
405.61
670.96
867.29
343.83
275.07
167.34
169.01
89.87
173.46
333.04
497.01
171.15
646.96
545.21
555.86
153.34
252.7
103.15
878.94
336.18
249.77
109.05
364.67
689.51
131.66
399.78
164.32
143.14
367.26
875.04
902.54
319.83
348.23
111.75
336.34
417.88
55.88
166.5
465.82
512.06
63.23
475.75
166.83
672.67
549.88
314.78
388.04
331.34
244.58
248.51
691.27
263.68
343.06
120.41
669.33
348.16
314.88
179.82
669.33
669.33
716.95
169.85
171.53
623.61
201.8
403.49
97.01
172.38
180.11
121.86
170.69
682.74
98.42
692.9
409.65
41.99
512.06
727.4
290.96
199.8
215.09
121.86
681.19
542.93
40.57
512.06
100.9
379.23
662.68
120.08
464.86
238.96
204.83
723.91
258.57
173.23
189.62
745.01
119.48
369.16
409.65
79.99
273.1
358.48
278.53
67.27
489.15
435.07
69.64
172.38
336.34
132.54
243.37
839.67
874.66
940.14
174.08
100.4
261.96
141.26
827.33
543.5
926.83
100.9
535.12
475.56
67.27
103.43
171.53
405.87
258.57
840.83
527.36
713.49
292.45
679.37
522.23
363.7
611.44
881.3
828.35
168.17
127.09
926.83
210.95
317.72
861.88
67.61
553.45
393.65
256.79
540.81
568.03
794.32
346.45
279.89
178.38
175.79
169.01
169.58
252.25
110.33
94.47
47.42
81.53
102.42
183.61
133.2
840.83
169.85
237.08
187.14
494.01
31.62
276.94
69.64
149.71
852.57
333
281.26
340.06
881.97
871.71
158.06
885.52
78.44
87.47
538.14
83.15
67.27
174.94
102.42
522.23
167.12
314.88
100.9
710.03
878.94
172.91
316.42
913.63
219.71
327.72
111.21
512.06
203.82
188.93
900.53
139.27
403.87
679.37
174.08
165.67
913.63
840.83
270.41
639.04
253.51
139.95
371.81
188.93
379.33
336.34
428.59
59.94
363.7
254.77
918.02
256.86
517.13
167.12
678.49
32.81
411.67
481.92
209.92
203.82
333
848.42
171.53
419.84
156.1
174.08
300.85
900.53
330.97
407.63
346.45
504.5
725.31
498.62
144.09
208.9
200.8
836.66
172.38
172.07
328.04
167.34
411.67
415.74
424.41
517.13
453.32
348.16
32.97
284.47
331.25
351.58
322.88
409.65
124.12
332.37
527.36
284.02
524.8
395.63
170.69
299.7
367.21
682.74
87.04
177.51
351.58
299.7
716.95
511.22
807.2
514.59
275.99
159.84
586.02
537.71
898.27
152.54
444.81
168.17
146.18
659.37
54.02
622.22
87.9
168.93
379.79
97.88
639.03
176.89
138.58
110.17
692.9
526.73
254.77
225.2
86.62
167.12
336.34
339.69
432.26
86.46
231.89
211.98
823.74
67.27
172.38
727.4
514.59
436.44
136.55
480.45
870.39
169.58
331.34
267.59
554.32
666
87.04
474.51
461.52
744.67
121.08
338.01
253.51
466.2
67.27
840.83
679.37
199.8
384.87
213.93
281.56
233.53
671.33
390.72
536.2
398.86
691.03
362.22
102.86
922.42
134.98
437.93
840.26
146.52
98.21
425.56
149.01
335.67
870.71
625.32
831.52
542.79
114.38
244.28
870.71
192.35
323.85
468.16
236.22
271.4
78.21
262.59
147.82
87.99
729.7
137.86
508.87
337.45
545.67
870.71
674.9
136.42
466.35
696.57
688.11
547.36
115.74
508.87
556.5
511.56
396.35
551.08
101.24
37.06
823.34
113.63
161.01
69.98
344.76
257.7
97.81
351.58
853.43

