Currentprice
254.49
134.7
436.6
224.92
191.41
192.96
585.25
421.06
220.79
453.2
92.24
767.76
237.6
317.71
528.03
169.66
105.87
500.13
954.07
168.06
392.6
909.05
144.47
44.17
343.65
175.58
62.55
220.31
142.85
98.05
70.34
58.52
366.37
1091.25
298.65
292.68
152.79
170.84
223.36
112.03
424.31
524.05
123.44
114.23
447.17
119.21
124.22
524.43
80.55
168.37
643.39
566.1
366.04
186.87
152.89
39.93
5048.59
228.55
22.75
1028.69
116.48
491.81
26.36
228.32
71.67
38.22
112.81
263.38
239.97
247.72
364.6
226.32
122
147.58
74.31
338.12
163.59
177.35
88.95
69.19
60.73
95.12
186.78
294.02
432.49
206.05
57.33
489.02
92.57
76.94
273.2
125.68
211.78
211.74
81.03
397.27
90.12
87.97
103.32
342.66
71.79
53.84
82.86
927.22
362.29
87.13
345.47
150.31
238.53
183.73
70.58
365.96
377.11
466.35
61.87
19.52
629.37
134.21
108.28
647.2
301.47
205.83
115.77
59.39
283.96
469.94
124.64
358.47
701.85
276.92
303.62
192.76
258.82
492.18
186.94
92.03
47.92
97.19
164.84
579.74
263.64
1276.15
227.02
283.1
124.09
129.28
1219.11
469.54
178.65
238.29
119.04
275.73
227.68
294.99
53.49
171.61
298.12
238.43
203.73
68.49
31.85
249.42
178.57
131.48
26.85
100.08
43.32
102.69
51.81
77.62
525.4
81.36
58.22
38.86
44.36
105.32
86.81
3253.47
240.76
210.24
80.64
1092.96
234.15
297.5
36.83
532.12
193.56
2090.98
51.72
139.54
351.5
92.75
149.15
328.41
351.38
631.69
139.95
722.64
604.8
379.42
52.79
110.37
72.69
154.94
53.66
110.83
139.61
61.85
77.7
47.13
74.81
227.69
32.37
81.46
131.32
38.28
173.16
19.82
143.67
133.38
74.82
183.36
85.06
117.83
21.77
227.63
47.31
213.55
208.99
40.32
129.16
57.48
128.19
90.66
60.93
79.23
9.88
276.86
147.8
181.37
67.4
176.79
134.51
491.25
52.25
76.97
118.59
93.56
138.08
37.02
92.28
132.36
30.52
78.91
197.27
63.61
26.8
237.27
263.13
170.26
90.99
412.26
193.03
289.79
533.69
147
77.28
75.13
210.97
258.43
97.4
317.57
181.97
109.47
155.05
222.17
189.48
80.04
90.03
65.01
32.94
105.1
79.52
133.28
28.79
59.58
94.5
55.51
247.1
338.38
102.93
71.44
593.22
205.41
53.92
98.2
118.28
112.03
42.93
117.14
21.61
163.22
39.94
71.35
65.5
120.21
80.5
53.28
116.58
74.36
226.01
10.69
1133.12
106.1
1230.74
189.27
605.42
74.45
116.12
104.25
42.99
65.45
8276.78
120.18
58.76
125.92
50.49
118.45
331.4
343.83
32.43
73.5
89.29
184.75
16.32
174.53
39.79
426.8
25.97
46.92
110.52
144.57
187.58
58.57
187.59
49.53
46.65
85.74
203.57
368.16
416.48
467.25
139.69
23.77
146.47
107.12
32.54
78.86
56.95
60.24
58.02
125.95
207.49
227.98
164.44
102.48
393.04
30.77
191.61
27.5
33.28
430.01
66.61
32.14
182.39
41.28
144.81
43.45
228.61
198.84
54.45
283.76
266.57
93.44
31.59
87.31
153.4
483.52
90.45
85.55
343.65
83.19
77.3
115.69
71.64
88.86
23.68
31.68
99.17
150.5
170.23
27.83
153.1
17.09
36.17
294.73
101.95
135.75
76.4
55.8
30.7
27.86
43.46
71.65
145
115.73
212.38
74.39
23.42
211.06
72.94
111.48
356.64
39.39
58.95
188.13
29.5
64.15
12.52
84.98
252.25
426.18
95.89
230.28
76.85
88.75
61.43
248.26
20.12
58.86
112.56
9.4
73.8
349.04
68.84
74.64
84.27
27.11
18.2
176.74
82
151.85
41.5
104.34
37.24
114.91
59.34
209.73
207.23
180.11
26.91
74.84
109.89
73.17
66.83
132.18
79.1
212.27
29.07
20.49
91.76
88.65
34.16
68.72
88.95
84.96
71.45
36.88
111.92
185.77
156.26
13
109.39
62.09
69.82
230.15
33.76
178.16
9.55
57.58
17.33
21.04
24.07
10.66
119.16
68.25
190.45
32.82
31.88
70.85
50.15
19.17